tree
version=v4
num_class=1
num_tree_per_iteration=1
label_index=0
max_feature_idx=19
objective=lambdarank
feature_names=cosine_sim degree degree_centrality pagerank clustering n_studios n_producers studio_avg_pagerank producer_avg_pagerank studio_avg_degree producer_avg_degree cand_score cand_log_members cand_log_favorites cand_popularity genre_overlap genre_jaccard studio_overlap has_score is_highly_rated
feature_infos=[0.14561539888381958:0.99893409013748169] [0:21] [0:0.00092368594677809542] [7.5828808881070395e-06:0.00016322463972408898] none [0:11] [0:20] [0:0.012324939643892989] [0:0.0055254290902302609] [0:832] [0:669] [1.8899999999999999:9.2899999999999991] [0:15.262156091752082] [0:12.407673817056084] [0.0096081481109828917:1] [0:5] [0:1] [0:2] [0:1] [0:1]
tree_sizes=3453 3413 3403

Tree=0
num_leaves=31
num_cat=0
split_feature=19 13 13 12 0 0 7 16 17 13 0 12 13 1 7 14 0 17 0 12 13 7 13 10 18 13 13 12 14 13
split_gain=221.583 7.06712 6.23895 4.70337 4.09322 3.86784 3.84489 2.54972 2.92816 2.28089 2.12477 1.85597 1.53088 1.60807 1.35552 1.70957 1.24562 1.19455 1.5728 1.10568 1.08816 1.01572 0.988798 0.955264 0.851846 0.837247 0.835642 1.30707 1.21938 1.14089
threshold=1.0000000180025095e-35 1.8688348091416842 7.6815565329401556 5.8678824850335358 0.39944803714752203 0.24676894396543506 0.00011984000005802095 0.91666666666666685 1.0000000180025095e-35 8.8665808478506296 0.5545281469821931 9.0191192861870721 6.4762025397968879 3.5000000000000004 0.00046736449773300445 0.77083437860619142 0.54773876070976268 1.0000000180025095e-35 0.22624534368515017 7.7095313918378254 8.8665808478506296 0.0032286971915487569 4.5695295849856103 101.41666666666667 1.0000000180025095e-35 6.5154506919122914 4.2696729980286863 10.474437507850761 0.6460789724549697 3.1567740231385479
decision_type=2 2 2 2 2 2 2 2 2 2 2 2 2 2 2 2 2 2 2 2 2 2 2 2 2 2 2 2 2 2
left_child=1 3 -2 10 5 22 -6 12 19 14 17 24 13 -7 -8 21 -17 18 -1 -9 -4 -16 -3 -10 -5 -14 28 -28 29 -21
right_child=2 4 20 11 6 7 9 8 23 -11 -12 -13 25 -15 15 16 -18 -19 -20 26 -22 -23 -24 -25 -26 -27 27 -29 -30 -31
leaf_value=0.033876351999019415 0.056263995524196656 -0.0148617407514509 0.075258468172607229 -0.052547441121000793 -0.084058912130651114 -0.045216877719219305 -0.029044100936455874 0.042645681185166075 0.067559805226413347 -0.076596481849068393 0.029804239040371869 -0.01117562783444586 0.031749235099236724 -0.068767243812775575 0.049050457599319669 -0.020783541478510664 0.021270137719957515 0.012160845067037596 -0.060554138754401722 -0.052247923310377808 0.093703160084789142 -0.010772272278955941 0.037166248882472025 -0.012099135856223242 -0.078307273722914683 -0.037011241441763008 0.01821265721995351 -0.036268690843990939 -0.069917613912856072 0.03015920120372961
leaf_weight=0.4961258233524849 27.66188179992605 2.0445728513877834 11.817959681153296 3.7655426552955822 1.7458257898106264 14.460537257604303 3.3255045218684272 0.44679856207221469 0.98177943471819229 1.0657432060688723 1.4017901729966977 1.2120181582868088 0.46678662113845248 14.533663806505499 2.9053380286786692 5.1128325634635985 2.6857942044734955 0.93295299465535197 3.9648106675595045 1.0299347559921423 24.727642676793039 0.93882470566313703 1.6503529483452437 0.61030396353453398 21.727234730438795 8.5816428782418352 1.3278384255245326 6.4411763469688594 3.4787586603779346 0.70922494586557139
leaf_count=27 880 117 326 240 46 654 69 11 26 12 192 54 22 676 45 155 36 56 189 52 428 37 87 23 871 461 57 322 155 24
internal_value=0.000614925 -0.0431021 0.0741787 -0.0621773 -0.0345295 -0.0410868 -0.0135947 -0.0445307 -0.027092 -0.00592235 -0.0250386 -0.0716282 -0.0514186 -0.0570218 -0.000890346 0.00715115 -0.00630054 -0.0392914 -0.050052 -0.0346906 0.0877386 0.0344405 0.00837676 0.0370236 -0.0745023 -0.0334641 -0.0373513 -0.026957 -0.0528273 -0.0186425
internal_weight=172.251 108.044 64.2075 33.5005 74.5432 56.7634 17.7799 53.0684 15.0258 16.034 6.79568 26.7048 38.0426 28.9942 14.9683 11.6428 7.79863 5.39389 4.46094 13.4337 36.5456 3.84416 3.69493 1.59208 25.4928 9.04843 12.9869 7.76901 5.21792 1.73916
internal_count=6350 4716 1634 1629 3087 2687 400 2483 670 354 464 1165 1813 1330 342 273 191 272 216 621 754 82 204 49 1111 483 610 379 231 76
is_linear=0
shrinkage=0.05


Tree=1
num_leaves=31
num_cat=0
split_feature=11 11 11 0 12 12 7 10 0 12 0 0 0 0 13 11 0 8 0 0 0 16 16 10 0 3 10 6 13 16
split_gain=730.282 152.472 39.4288 18.4514 13.8527 13.5615 8.40591 8.9173 7.69908 8.70984 6.7275 4.28004 3.33328 2.76379 2.40695 2.30831 2.14377 3.92955 2.13206 1.90942 1.88796 2.4769 1.85519 1.74917 1.7079 1.47131 1.37797 1.37729 1.26567 1.4741
threshold=7.995000000000001 6.995000000000001 7.5050000000000008 0.24420848488807681 11.175233469414268 5.4909995847486188 5.8498024626042953e-05 286.12500000000006 0.24286881834268573 10.388779853949066 0.36574754118919378 0.37163509428501135 0.4862553477287293 0.34438431262969976 4.166635176627655 5.9850000000000012 0.33769027888774877 0.0028039969913797942 0.25602537393569952 0.65193223953247081 0.748884677886963 0.46428571428571436 0.63333333333333341 158.90000000000003 0.23426061123609546 1.4957022644768282e-05 189.91666666666671 2.5000000000000004 6.6864847774674381 0.58571428571428574
decision_type=2 2 2 2 2 2 2 2 2 2 2 2 2 2 2 2 2 2 2 2 2 2 2 2 2 2 2 2 2 2
left_child=1 5 8 -4 6 10 -5 11 -3 12 -1 13 27 14 -8 -7 18 22 -6 24 21 -12 26 -13 -17 -21 -18 -10 -11 -30
right_child=-2 2 3 4 16 15 7 -9 9 28 20 23 -14 -15 -16 19 17 -19 -20 25 -22 -23 -24 -25 -26 -27 -28 -29 29 -31
leaf_value=-0.066058744591925442 0.096479082980422931 0.076054897188711473 0.056179834925128735 0.073351527076168321 -0.0090252972607024716 -0.094002137747146219 0.016507984338643856 0.041271942877527654 0.057165403982438356 -0.0054661351380507258 -0.057918767969969032 -0.062036642134807696 -0.025613410499450193 0.050491718406031665 -0.043403918901581823 -0.052847964710552378 -0.051362506157690113 0.021735760623844781 -0.05647172857681753 0.021987708583554703 0.059261348869917886 0.018391826577280373 -0.05464254112423958 -0.015203817792861278 -0.08257173036709986 -0.068899927183031437 -0.0050773115452060254 0.008505759884109421 -0.0015070623398689637 0.030614078876302256
leaf_weight=6.2701641730964166 137.18560656905174 6.3965843776240936 6.1180444583296767 3.0797083005309132 2.5242341235280028 41.98426852747798 2.8734215516597086 5.6450532767921677 14.911744678858673 19.335582499857992 1.6031015035696325 8.3329547718167287 1.4920984590426076 1.8421909008175132 4.0242413431406021 5.128827514126896 2.5252543687820497 2.7590684480965129 38.188087405636907 0.79458225704729457 1.3723518452607093 3.1582704037427902 11.431871084496377 2.6208070255815974 83.719782607862726 1.0129098221659658 4.4272248409688473 1.6113476417958725 7.3254475891590101 6.9704877268522978
leaf_count=127 664 55 34 12 27 732 33 40 258 601 75 85 57 13 64 109 30 23 404 31 53 83 123 21 2072 54 39 47 220 164
internal_value=0.00094236 -0.0428211 -0.00824646 -0.0278511 -0.033546 -0.0796343 -0.00464943 -0.0141298 0.0243108 0.0179022 -0.0296387 -0.0300104 0.045957 -0.00391518 -0.0184459 -0.0843097 -0.046822 -0.0339055 -0.05353 -0.0798209 0.00759149 -0.00730111 -0.042256 -0.0508314 -0.0808559 -0.0289453 -0.0218889 0.0524201 0.00287422 0.0141547
internal_weight=436.665 299.48 154.435 96.3922 90.2741 145.044 28.4184 25.3387 58.0433 51.6467 12.4039 19.6936 18.0152 8.73985 6.89766 132.64 61.8557 21.1434 40.7123 90.6561 6.13372 4.76137 18.3844 10.9538 88.8486 1.80749 6.95248 16.5231 33.6315 14.2959
internal_count=6350 5686 2350 948 914 3336 268 256 1402 1347 338 216 362 110 97 2998 646 215 431 2266 211 158 192 106 2181 85 69 305 985 384
is_linear=0
shrinkage=0.05


Tree=2
num_leaves=31
num_cat=0
split_feature=11 11 12 0 12 0 0 0 9 3 11 0 15 0 11 16 3 0 16 12 0 9 16 13 9 16 9 7 0 13
split_gain=550.09 149.584 18.418 15.2204 11.4729 6.63212 6.1145 2.8401 2.27358 1.90843 1.77637 3.37628 1.75489 1.35626 1.41927 1.26448 1.96497 1.20347 1.4046 1.41928 1.27757 1.19842 1.62122 1.10976 1.10411 0.982389 0.938271 1.42409 0.914813 1.80987
threshold=7.995000000000001 6.995000000000001 10.474437507850761 0.24286881834268573 5.4909995847486188 0.748884677886963 0.48182825744152075 0.55950149893760692 83.250000000000014 1.4957022644768282e-05 5.9850000000000012 0.23426061123609546 2.5000000000000004 0.24676894396543506 7.7750000000000012 0.91666666666666685 2.9481059591338945e-05 0.33206954598426824 0.63333333333333341 9.5087397637234563 0.28773683309555059 64.750000000000014 0.63333333333333341 3.3497501700808394 78.500000000000014 0.91666666666666685 32.500000000000007 0.00076428496489420333 0.32615812122821813 5.2337752898422689
decision_type=2 2 2 2 2 2 2 2 2 2 2 2 2 2 2 2 2 2 2 2 2 2 2 2 2 2 2 2 2 2
left_child=1 4 6 21 7 9 12 25 -8 -5 -6 -12 13 -3 17 16 -9 18 19 20 -15 -4 -23 -13 -14 -1 -19 -28 29 -11
right_child=-2 2 3 5 10 -7 8 15 -10 28 11 23 24 14 -16 -17 -18 26 -20 -21 -22 22 -24 -25 -26 -27 27 -29 -30 -31
leaf_value=-0.05340139737527403 0.089300169553587383 0.066215709681102672 0.076432126946325007 0.039926211560169081 -0.088547340080304751 0.095846628178378135 0.005909669517382506 0.057350716075216496 -0.070800775178876035 0.0012682753041271134 -0.03377501867601395 -0.072170598407556907 -0.038158687859344301 0.061993150060112537 -0.0093159759165936124 -0.033311164735076136 -0.051072507903058367 0.070356057816410925 0.047165181838259289 -0.010741414967208044 0.0060634982884424319 0.0098644747558106032 0.066059065579739201 -0.08376486152572063 0.023201656232563532 -0.011734506607743722 0.0010002274388053944 0.050639195134702088 -0.016388640343785614 -0.031639175030665316
leaf_weight=6.1771945841610414 119.91373581066728 4.1462436281144646 3.0822692364454252 1.22797480970621 40.30623346939683 1.2164286375045765 2.0494985319674011 1.7622901950962835 1.8269519452005623 4.724824968725442 4.5199118778109542 39.985519162612036 1.168024564161896 1.9865027200430683 1.657909508794545 1.1090595265850427 0.54776664357632388 3.7445851806551209 5.3291697986423969 3.3259839564561844 2.1008232906460762 2.6579906977713108 2.4819950684905052 42.655655356124043 1.9689836669713257 1.8348115831613538 1.8145161457359771 7.0927921030670404 30.503138424828649 36.122196294367313
leaf_count=145 664 36 16 13 732 1 41 124 57 107 109 1116 27 24 27 18 17 27 76 68 36 27 16 1041 37 34 32 79 696 907
internal_value=0.000754788 -0.0402205 0.000611544 -0.0127463 -0.0755642 -0.019936 0.0292823 -0.0275785 -0.0302436 -0.0218766 -0.0798675 -0.0758536 0.0360027 0.039587 0.0355057 0.0105725 0.0316411 0.038432 0.0275859 0.0135111 0.0332462 0.0517817 0.0369997 -0.078155 0.000354923 -0.0438594 0.0493557 0.0405272 -0.0229402 -0.0278327
internal_weight=379.041 259.127 120.229 82.0168 138.898 73.7946 38.212 11.4311 3.87645 72.5781 127.467 87.1611 34.3355 31.1985 27.0523 3.41912 2.31006 25.3944 12.7425 7.41331 4.08733 8.22226 5.13999 82.6412 3.13701 8.01201 12.6519 8.90731 71.3502 40.847
internal_count=6350 5686 2350 1783 3336 1724 567 338 98 1723 2998 2266 469 405 369 159 141 342 204 128 60 59 43 2157 64 179 138 111 1710 1014
is_linear=0
shrinkage=0.05


end of trees

feature_importances:
cosine_sim=25
cand_log_favorites=13
cand_log_members=10
cand_score=8
genre_jaccard=8
studio_avg_pagerank=5
studio_avg_degree=4
producer_avg_degree=4
pagerank=3
cand_popularity=2
studio_overlap=2
degree=1
n_producers=1
producer_avg_pagerank=1
genre_overlap=1
has_score=1
is_highly_rated=1

parameters:
[boosting: gbdt]
[objective: lambdarank]
[metric: ndcg]
[tree_learner: serial]
[device_type: cpu]
[data_sample_strategy: bagging]
[data: ]
[valid: ]
[num_iterations: 200]
[learning_rate: 0.05]
[num_leaves: 31]
[num_threads: 0]
[seed: 42]
[deterministic: 0]
[force_col_wise: 0]
[force_row_wise: 0]
[histogram_pool_size: -1]
[max_depth: -1]
[min_data_in_leaf: 20]
[min_sum_hessian_in_leaf: 0.001]
[bagging_fraction: 0.8]
[pos_bagging_fraction: 1]
[neg_bagging_fraction: 1]
[bagging_freq: 5]
[bagging_seed: 400]
[bagging_by_query: 0]
[feature_fraction: 0.8]
[feature_fraction_bynode: 1]
[feature_fraction_seed: 30056]
[extra_trees: 0]
[extra_seed: 12879]
[early_stopping_round: 0]
[early_stopping_min_delta: 0]
[first_metric_only: 0]
[max_delta_step: 0]
[lambda_l1: 0]
[lambda_l2: 0]
[linear_lambda: 0]
[min_gain_to_split: 0]
[drop_rate: 0.1]
[max_drop: 50]
[skip_drop: 0.5]
[xgboost_dart_mode: 0]
[uniform_drop: 0]
[drop_seed: 17869]
[top_rate: 0.2]
[other_rate: 0.1]
[min_data_per_group: 100]
[max_cat_threshold: 32]
[cat_l2: 10]
[cat_smooth: 10]
[max_cat_to_onehot: 4]
[top_k: 20]
[monotone_constraints: ]
[monotone_constraints_method: basic]
[monotone_penalty: 0]
[feature_contri: ]
[forcedsplits_filename: ]
[refit_decay_rate: 0.9]
[cegb_tradeoff: 1]
[cegb_penalty_split: 0]
[cegb_penalty_feature_lazy: ]
[cegb_penalty_feature_coupled: ]
[path_smooth: 0]
[interaction_constraints: ]
[verbosity: -1]
[saved_feature_importance_type: 0]
[use_quantized_grad: 0]
[num_grad_quant_bins: 4]
[quant_train_renew_leaf: 0]
[stochastic_rounding: 1]
[linear_tree: 0]
[max_bin: 255]
[max_bin_by_feature: ]
[min_data_in_bin: 3]
[bin_construct_sample_cnt: 200000]
[data_random_seed: 175]
[is_enable_sparse: 1]
[enable_bundle: 1]
[use_missing: 1]
[zero_as_missing: 0]
[feature_pre_filter: 1]
[pre_partition: 0]
[two_round: 0]
[header: 0]
[label_column: ]
[weight_column: ]
[group_column: ]
[ignore_column: ]
[categorical_feature: ]
[forcedbins_filename: ]
[precise_float_parser: 0]
[parser_config_file: ]
[objective_seed: 16083]
[num_class: 1]
[is_unbalance: 0]
[scale_pos_weight: 1]
[sigmoid: 1]
[boost_from_average: 1]
[reg_sqrt: 0]
[alpha: 0.9]
[fair_c: 1]
[poisson_max_delta_step: 0.7]
[tweedie_variance_power: 1.5]
[lambdarank_truncation_level: 30]
[lambdarank_norm: 1]
[label_gain: ]
[lambdarank_position_bias_regularization: 0]
[eval_at: 5,10]
[multi_error_top_k: 1]
[auc_mu_weights: ]
[num_machines: 1]
[local_listen_port: 12400]
[time_out: 120]
[machine_list_filename: ]
[machines: ]
[gpu_platform_id: -1]
[gpu_device_id: -1]
[gpu_use_dp: 0]
[num_gpu: 1]

end of parameters

pandas_categorical:null
